1957.01 28.500
1957.02 28.500
1957.03 28.700
1957.04 28.800
1957.05 28.800
1957.06 28.900
1957.07 28.900
1957.08 29.000
1957.09 29.100
1957.10 29.200
1957.11 29.400
1957.12 29.400
1958.01 29.400
1958.02 29.400
1958.03 29.500
1958.04 29.500
1958.05 29.500
1958.06 29.500
1958.07 29.600
1958.08 29.600
1958.09 29.600
1958.10 29.700
1958.11 29.900
1958.12 29.900
1959.01 29.900
1959.02 29.900
1959.03 30.000
1959.04 30.000
1959.05 30.100
1959.06 30.100
1959.07 30.200
1959.08 30.200
1959.09 30.300
1959.10 30.500
1959.11 30.500
1959.12 30.500
1960.01 30.500
1960.02 30.600
1960.03 30.600
1960.04 30.600
1960.05 30.600
1960.06 30.600
1960.07 30.600
1960.08 30.600
1960.09 30.600
1960.10 30.800
1960.11 30.800
1960.12 30.800
1961.01 30.800
1961.02 30.800
1961.03 30.800
1961.04 30.900
1961.05 30.900
1961.06 30.900
1961.07 31.000
1961.08 31.000
1961.09 31.100
1961.10 31.200
1961.11 31.200
1961.12 31.200
1962.01 31.200
1962.02 31.200
1962.03 31.300
1962.04 31.300
1962.05 31.400
1962.06 31.400
1962.07 31.400
1962.08 31.400
1962.09 31.500
1962.10 31.600
1962.11 31.600
1962.12 31.600
1963.01 31.500
1963.02 31.500
1963.03 31.600
1963.04 31.700
1963.05 31.700
1963.06 31.800
1963.07 31.800
1963.08 31.900
1963.09 31.900
1963.10 32.000
1963.11 32.100
1963.12 32.100
1964.01 32.100
1964.02 32.100
1964.03 32.200
1964.04 32.200
1964.05 32.200
1964.06 32.300
1964.07 32.300
1964.08 32.200
1964.09 32.300
1964.10 32.400
1964.11 32.500
1964.12 32.500
1965.01 32.600
1965.02 32.600
1965.03 32.600
1965.04 32.700
1965.05 32.700
1965.06 32.700
1965.07 32.700
1965.08 32.700
1965.09 32.800
1965.10 32.900
1965.11 32.900
1965.12 33.000
1966.01 32.900
1966.02 33.000
1966.03 33.100
1966.04 33.300
1966.05 33.400
1966.06 33.500
1966.07 33.600
1966.08 33.700
1966.09 33.800
1966.10 34.000
1966.11 34.100
1966.12 34.100
1967.01 34.100
1967.02 34.200
1967.03 34.300
1967.04 34.400
1967.05 34.500
1967.06 34.600
1967.07 34.700
1967.08 34.800
1967.09 35.000
1967.10 35.200
1967.11 35.300
1967.12 35.400
1968.01 35.500
1968.02 35.600
1968.03 35.800
1968.04 35.900
1968.05 36.000
1968.06 36.200
1968.07 36.400
1968.08 36.500
1968.09 36.700
1968.10 36.900
1968.11 37.100
1968.12 37.200
1969.01 37.300
1969.02 37.500
1969.03 37.800
1969.04 38.100
1969.05 38.200
1969.06 38.300
1969.07 38.500
1969.08 38.600
1969.09 38.900
1969.10 39.100
1969.11 39.300
1969.12 39.500
1970.01 39.600
1970.02 39.800
1970.03 40.100
1970.04 40.300
1970.05 40.500
1970.06 40.800
1970.07 40.900
1970.08 41.000
1970.09 41.300
1970.10 41.600
1970.11 41.900
1970.12 42.100
1971.01 42.100
1971.02 42.100
1971.03 42.200
1971.04 42.300
1971.05 42.600
1971.06 42.800
1971.07 42.900
1971.08 42.900
1971.09 43.100
1971.10 43.200
1971.11 43.300
1971.12 43.400
1972.01 43.400
1972.02 43.500
1972.03 43.600
1972.04 43.700
1972.05 43.900
1972.06 44.000
1972.07 44.100
1972.08 44.300
1972.09 44.300
1972.10 44.500
1972.11 44.600
1972.12 44.700
1973.01 44.600
1973.02 44.700
1973.03 44.900
1973.04 45.100
1973.05 45.300
1973.06 45.400
1973.07 45.500
1973.08 45.700
1973.09 46.000
1973.10 46.400
1973.11 46.600
1973.12 46.800
1974.01 46.800
1974.02 47.100
1974.03 47.500
1974.04 47.900
1974.05 48.400
1974.06 49.000
1974.07 49.500
1974.08 50.100
1974.09 50.700
1974.10 51.300
1974.11 51.800
1974.12 52.000
1975.01 52.200
1975.02 52.600
1975.03 52.900
1975.04 53.300
1975.05 53.500
1975.06 53.700
1975.07 54.000
1975.08 54.200
1975.09 54.600
1975.10 54.900
1975.11 55.300
1975.12 55.500
1976.01 55.700
1976.02 56.000
1976.03 56.400
1976.04 56.700
1976.05 57.000
1976.06 57.200
1976.07 57.600
1976.08 57.900
1976.09 58.300
1976.10 58.600
1976.11 58.900
1976.12 58.900
1977.01 59.200
1977.02 59.500
1977.03 59.900
1977.04 60.300
1977.05 60.600
1977.06 61.000
1977.07 61.200
1977.08 61.500
1977.09 61.900
1977.10 62.100
1977.11 62.400
1977.12 62.700
1978.01 63.000
1978.02 63.200
1978.03 63.700
1978.04 64.200
1978.05 64.700
1978.06 65.300
1978.07 65.700
1978.08 66.100
1978.09 66.800
1978.10 67.300
1978.11 67.800
1978.12 68.000
1979.01 68.400
1979.02 69.000
1979.03 69.600
1979.04 70.200
1979.05 70.800
1979.06 71.400
1979.07 72.000
1979.08 72.700
1979.09 73.400
1979.10 74.100
1979.11 75.000
1979.12 75.700
1980.01 76.600
1980.02 77.300
1980.03 78.300
1980.04 79.300
1980.05 80.200
1980.06 81.100
1980.07 80.900
1980.08 81.300
1980.09 82.200
1980.10 83.200
1980.11 84.100
1980.12 84.900
1981.01 85.300
1981.02 85.700
1981.03 86.100
1981.04 86.800
1981.05 87.800
1981.06 88.700
1981.07 89.900
1981.08 90.700
1981.09 91.900
1981.10 92.300
1981.11 92.700
1981.12 93.000
1982.01 93.200
1982.02 93.500
1982.03 93.700
1982.04 94.500
1982.05 95.400
1982.06 96.300
1982.07 96.700
1982.08 97.100
1982.09 97.300
1982.10 97.700
1982.11 97.600
1982.12 97.200
1983.01 97.600
1983.02 97.900
1983.03 98.100
1983.04 98.600
1983.05 98.800
1983.06 99.100
1983.07 99.600
1983.08 100.000
1983.09 100.700
1983.10 101.300
1983.11 101.800
1983.12 101.900
1984.01 102.300
1984.02 102.600
1984.03 103.000
1984.04 103.500
1984.05 103.900
1984.06 104.200
1984.07 104.600
1984.08 105.100
1984.09 105.800
1984.10 106.300
1984.11 106.500
1984.12 106.700
1985.01 106.900
1985.02 107.400
1985.03 107.900
1985.04 108.200
1985.05 108.600
1985.06 108.800
1985.07 109.000
1985.08 109.400
1985.09 110.000
1985.10 110.700
1985.11 111.200
1985.12 111.300
1986.01 111.600
1986.02 111.900
1986.03 112.300
1986.04 112.700
1986.05 112.900
1986.06 113.100
1986.07 113.500
1986.08 113.800
1986.09 114.500
1986.10 115.100
1986.11 115.400
1986.12 115.500
1987.01 115.800
1987.02 116.100
1987.03 116.800
1987.04 117.400
1987.05 117.600
1987.06 117.700
1987.07 118.000
1987.08 118.600
1987.09 119.400
1987.10 120.100
1987.11 120.500
1987.12 120.400
1988.01 120.800
1988.02 121.100
1988.03 121.900
1988.04 122.400
1988.05 122.700
1988.06 123.000
1988.07 123.300
1988.08 123.800
1988.09 124.700
1988.10 125.500
1988.11 125.800
1988.12 126.000
1989.01 126.400
1989.02 126.900
1989.03 127.600
1989.04 128.000
1989.05 128.300
1989.06 128.500
1989.07 129.000
1989.08 129.300
1989.09 130.000
1989.10 130.900
1989.11 131.300
1989.12 131.500
1990.01 132.000
1990.02 132.800
1990.03 133.900
1990.04 134.200
1990.05 134.400
1990.06 134.800
1990.07 135.500
1990.08 136.400
1990.09 137.200
1990.10 137.800
1990.11 138.200
1990.12 138.300
1991.01 139.400
1991.02 140.300
1991.03 140.900
1991.04 141.100
1991.05 141.300
1991.06 141.500
1991.07 142.000
1991.08 142.700
1991.09 143.400
1991.10 143.900
1991.11 144.400
1991.12 144.400
1992.01 144.900
1992.02 145.600
1992.03 146.400
1992.04 146.600
1992.05 146.700
1992.06 146.900
1992.07 147.300
1992.08 147.700
1992.09 148.100
1992.10 149.000
1992.11 149.300
1992.12 149.200
1993.01 149.900
1993.02 150.800
1993.03 151.400
1993.04 151.700
1993.05 151.700
1993.06 151.800
1993.07 152.000
1993.08 152.600
1993.09 152.900
1993.10 153.500
1993.11 153.900
1993.12 153.900
1994.01 154.300
1994.02 155.000
1994.03 155.800
1994.04 155.900
1994.05 156.000
1994.06 156.200
1994.07 156.400
1994.08 157.000
1994.09 157.500
1994.10 158.000
1994.11 158.200
1994.12 157.900
1995.01 158.700
1995.02 159.600
1995.03 160.400
1995.04 160.700
1995.05 160.800
1995.06 160.900
1995.07 161.100
1995.08 161.600
1995.09 162.100
1995.10 162.800
1995.11 163.000
1995.12 162.700
1996.01 163.400
1996.02 164.200
1996.03 164.900
1996.04 165.000
1996.05 165.100
1996.06 165.200
1996.07 165.500
1996.08 165.800
1996.09 166.400
1996.10 167.000
1996.11 167.200
1996.12 167.000
1997.01 167.500
1997.02 168.300
1997.03 169.000
1997.04 169.400
1997.05 169.300
1997.06 169.200
1997.07 169.500
1997.08 169.600
1997.09 170.000
1997.10 170.800
1997.11 170.800
1997.12 170.700
1998.01 171.200
1998.02 172.100
1998.03 172.600
1998.04 173.000
1998.05 173.100
1998.06 173.000
1998.07 173.300
1998.08 173.800
1998.09 174.200
1998.10 174.700
1998.11 174.800
1998.12 174.800
1999.01 175.300
1999.02 175.700
1999.03 176.200
1999.04 176.800
1999.05 176.600
1999.06 176.600
1999.07 176.900
1999.08 177.100
1999.09 177.700
1999.10 178.300
1999.11 178.400
1999.12 178.200
2000.01 178.800
2000.02 179.500
2000.03 180.500
2000.04 180.900
2000.05 180.900
2000.06 181.000
2000.07 181.300
2000.08 181.700
2000.09 182.300
2000.10 182.800
2000.11 183.000
2000.12 182.800
2001.01 183.500
2001.02 184.400
2001.03 185.300
2001.04 185.600
2001.05 185.500
2001.06 185.900
2001.07 186.200
2001.08 186.600
2001.09 187.100
2001.10 187.600
2001.11 188.100
2001.12 187.800
2002.01 188.200
2002.02 189.200
2002.03 189.800
2002.04 190.300
2002.05 190.200
2002.06 190.100
2002.07 190.300
2002.08 191.000
2002.09 191.300
2002.10 191.800
2002.11 191.800
2002.12 191.400
2003.01 191.800
2003.02 192.500
2003.03 193.000
2003.04 193.100
2003.05 193.200
2003.06 193.000
2003.07 193.200
2003.08 193.500
2003.09 193.600
2003.10 194.300
2003.11 193.900
2003.12 193.600
2004.01 194.000
2004.02 194.900
2004.03 196.100
2004.04 196.500
2004.05 196.500
2004.06 196.600
2004.07 196.600
2004.08 196.800
2004.09 197.400
2004.10 198.200
2004.11 198.100
2004.12 197.800
2005.01 198.400
2005.02 199.500
2005.03 200.700
2005.04 200.900
2005.05 200.800
2005.06 200.600
2005.07 200.800
2005.08 201.000
2005.09 201.300
2005.10 202.300
2005.11 202.300
2005.12 202.100
2006.01 202.600
2006.02 203.600
2006.03 204.900
2006.04 205.500
2006.05 205.700
2006.06 205.900
2006.07 206.200
2006.08 206.700
2006.09 207.200
2006.10 207.800
2006.11 207.600
2006.12 207.300
2007.01 208.009
2007.02 209.112

DATE  VALUE

Title:   Consumer Price Index for All Urban Consumers: All Items Less Food & Energy
Series ID:   CPILFENS
Source:   U.S. Department of Labor: Bureau of Labor Statistics
Release:   Consumer Price Index
Seasonal Adjustment: Not Seasonally Adjusted
Frequency:   Monthly
Units:   Index 1982-84=100
