1957.01 28.500
1957.02 28.600
1957.03 28.700
1957.04 28.800
1957.05 28.800
1957.06 28.900
1957.07 29.000
1957.08 29.000
1957.09 29.100
1957.10 29.200
1957.11 29.300
1957.12 29.300
1958.01 29.300
1958.02 29.400
1958.03 29.500
1958.04 29.500
1958.05 29.500
1958.06 29.600
1958.07 29.600
1958.08 29.600
1958.09 29.700
1958.10 29.700
1958.11 29.800
1958.12 29.900
1959.01 29.900
1959.02 29.900
1959.03 30.000
1959.04 30.000
1959.05 30.100
1959.06 30.200
1959.07 30.200
1959.08 30.200
1959.09 30.300
1959.10 30.400
1959.11 30.400
1959.12 30.500
1960.01 30.500
1960.02 30.600
1960.03 30.600
1960.04 30.600
1960.05 30.600
1960.06 30.700
1960.07 30.600
1960.08 30.600
1960.09 30.600
1960.10 30.800
1960.11 30.800
1960.12 30.700
1961.01 30.800
1961.02 30.800
1961.03 30.900
1961.04 30.900
1961.05 30.900
1961.06 31.000
1961.07 31.000
1961.08 31.100
1961.09 31.100
1961.10 31.100
1961.11 31.200
1961.12 31.200
1962.01 31.200
1962.02 31.200
1962.03 31.300
1962.04 31.300
1962.05 31.400
1962.06 31.400
1962.07 31.400
1962.08 31.500
1962.09 31.500
1962.10 31.500
1962.11 31.500
1962.12 31.600
1963.01 31.500
1963.02 31.600
1963.03 31.700
1963.04 31.700
1963.05 31.700
1963.06 31.800
1963.07 31.800
1963.08 31.900
1963.09 31.900
1963.10 32.000
1963.11 32.000
1963.12 32.100
1964.01 32.200
1964.02 32.200
1964.03 32.200
1964.04 32.200
1964.05 32.200
1964.06 32.300
1964.07 32.300
1964.08 32.300
1964.09 32.300
1964.10 32.400
1964.11 32.500
1964.12 32.500
1965.01 32.600
1965.02 32.600
1965.03 32.600
1965.04 32.700
1965.05 32.700
1965.06 32.700
1965.07 32.700
1965.08 32.700
1965.09 32.800
1965.10 32.800
1965.11 32.900
1965.12 33.000
1966.01 33.000
1966.02 33.100
1966.03 33.100
1966.04 33.300
1966.05 33.400
1966.06 33.500
1966.07 33.600
1966.08 33.700
1966.09 33.800
1966.10 34.000
1966.11 34.000
1966.12 34.100
1967.01 34.200
1967.02 34.200
1967.03 34.300
1967.04 34.400
1967.05 34.500
1967.06 34.600
1967.07 34.700
1967.08 34.900
1967.09 35.000
1967.10 35.100
1967.11 35.200
1967.12 35.400
1968.01 35.500
1968.02 35.700
1968.03 35.800
1968.04 35.900
1968.05 36.000
1968.06 36.200
1968.07 36.400
1968.08 36.500
1968.09 36.700
1968.10 36.900
1968.11 37.100
1968.12 37.200
1969.01 37.300
1969.02 37.600
1969.03 37.800
1969.04 38.100
1969.05 38.100
1969.06 38.300
1969.07 38.500
1969.08 38.700
1969.09 38.900
1969.10 39.100
1969.11 39.200
1969.12 39.400
1970.01 39.600
1970.02 39.800
1970.03 40.100
1970.04 40.400
1970.05 40.500
1970.06 40.800
1970.07 40.900
1970.08 41.100
1970.09 41.300
1970.10 41.500
1970.11 41.800
1970.12 42.000
1971.01 42.100
1971.02 42.200
1971.03 42.200
1971.04 42.400
1971.05 42.600
1971.06 42.800
1971.07 42.900
1971.08 43.000
1971.09 43.000
1971.10 43.100
1971.11 43.200
1971.12 43.300
1972.01 43.500
1972.02 43.600
1972.03 43.600
1972.04 43.800
1972.05 43.900
1972.06 44.000
1972.07 44.100
1972.08 44.300
1972.09 44.300
1972.10 44.400
1972.11 44.400
1972.12 44.600
1973.01 44.600
1973.02 44.800
1973.03 45.000
1973.04 45.100
1973.05 45.300
1973.06 45.400
1973.07 45.500
1973.08 45.700
1973.09 46.000
1973.10 46.300
1973.11 46.500
1973.12 46.700
1974.01 46.900
1974.02 47.200
1974.03 47.600
1974.04 47.900
1974.05 48.500
1974.06 49.000
1974.07 49.500
1974.08 50.200
1974.09 50.700
1974.10 51.200
1974.11 51.600
1974.12 52.000
1975.01 52.300
1975.02 52.800
1975.03 53.000
1975.04 53.300
1975.05 53.500
1975.06 53.800
1975.07 54.000
1975.08 54.200
1975.09 54.500
1975.10 54.800
1975.11 55.200
1975.12 55.500
1976.01 55.900
1976.02 56.200
1976.03 56.500
1976.04 56.700
1976.05 57.000
1976.06 57.200
1976.07 57.600
1976.08 57.900
1976.09 58.200
1976.10 58.500
1976.11 58.700
1976.12 58.900
1977.01 59.300
1977.02 59.700
1977.03 60.000
1977.04 60.300
1977.05 60.600
1977.06 61.000
1977.07 61.200
1977.08 61.500
1977.09 61.800
1977.10 62.000
1977.11 62.300
1977.12 62.700
1978.01 63.100
1978.02 63.400
1978.03 63.800
1978.04 64.300
1978.05 64.700
1978.06 65.200
1978.07 65.600
1978.08 66.100
1978.09 66.700
1978.10 67.200
1978.11 67.600
1978.12 68.000
1979.01 68.500
1979.02 69.200
1979.03 69.800
1979.04 70.300
1979.05 70.800
1979.06 71.300
1979.07 71.900
1979.08 72.700
1979.09 73.300
1979.10 74.000
1979.11 74.800
1979.12 75.700
1980.01 76.700
1980.02 77.500
1980.03 78.600
1980.04 79.500
1980.05 80.100
1980.06 81.000
1980.07 80.800
1980.08 81.300
1980.09 82.100
1980.10 83.000
1980.11 83.900
1980.12 84.900
1981.01 85.400
1981.02 85.900
1981.03 86.400
1981.04 87.000
1981.05 87.800
1981.06 88.600
1981.07 89.800
1981.08 90.700
1981.09 91.800
1981.10 92.100
1981.11 92.500
1981.12 93.000
1982.01 93.300
1982.02 93.800
1982.03 93.900
1982.04 94.700
1982.05 95.400
1982.06 96.100
1982.07 96.700
1982.08 97.100
1982.09 97.200
1982.10 97.500
1982.11 97.300
1982.12 97.200
1983.01 97.600
1983.02 98.000
1983.03 98.200
1983.04 98.600
1983.05 98.900
1983.06 99.200
1983.07 99.800
1983.08 100.100
1983.09 100.500
1983.10 101.000
1983.11 101.500
1983.12 101.800
1984.01 102.500
1984.02 102.800
1984.03 103.200
1984.04 103.700
1984.05 104.100
1984.06 104.500
1984.07 105.000
1984.08 105.400
1984.09 105.800
1984.10 106.200
1984.11 106.400
1984.12 106.800
1985.01 107.100
1985.02 107.700
1985.03 108.100
1985.04 108.400
1985.05 108.800
1985.06 109.100
1985.07 109.400
1985.08 109.800
1985.09 110.000
1985.10 110.500
1985.11 111.100
1985.12 111.400
1986.01 111.900
1986.02 112.200
1986.03 112.500
1986.04 112.900
1986.05 113.100
1986.06 113.400
1986.07 113.800
1986.08 114.200
1986.09 114.600
1986.10 115.000
1986.11 115.300
1986.12 115.600
1987.01 115.900
1987.02 116.200
1987.03 116.600
1987.04 117.300
1987.05 117.700
1987.06 117.900
1987.07 118.300
1987.08 118.700
1987.09 119.200
1987.10 119.800
1987.11 120.100
1987.12 120.400
1988.01 120.900
1988.02 121.200
1988.03 121.700
1988.04 122.300
1988.05 122.700
1988.06 123.200
1988.07 123.600
1988.08 124.000
1988.09 124.700
1988.10 125.200
1988.11 125.600
1988.12 126.000
1989.01 126.500
1989.02 126.900
1989.03 127.400
1989.04 127.800
1989.05 128.300
1989.06 128.800
1989.07 129.200
1989.08 129.500
1989.09 129.900
1989.10 130.600
1989.11 131.100
1989.12 131.600
1990.01 132.100
1990.02 132.700
1990.03 133.500
1990.04 134.000
1990.05 134.400
1990.06 135.100
1990.07 135.800
1990.08 136.600
1990.09 137.100
1990.10 137.600
1990.11 138.000
1990.12 138.600
1991.01 139.500
1991.02 140.200
1991.03 140.500
1991.04 140.900
1991.05 141.300
1991.06 141.800
1991.07 142.300
1991.08 142.900
1991.09 143.400
1991.10 143.700
1991.11 144.200
1991.12 144.700
1992.01 145.100
1992.02 145.400
1992.03 145.900
1992.04 146.300
1992.05 146.800
1992.06 147.100
1992.07 147.600
1992.08 147.900
1992.09 148.100
1992.10 148.800
1992.11 149.200
1992.12 149.600
1993.01 150.100
1993.02 150.600
1993.03 150.800
1993.04 151.400
1993.05 151.800
1993.06 152.100
1993.07 152.300
1993.08 152.800
1993.09 152.900
1993.10 153.400
1993.11 153.900
1993.12 154.300
1994.01 154.500
1994.02 154.800
1994.03 155.300
1994.04 155.500
1994.05 155.900
1994.06 156.400
1994.07 156.700
1994.08 157.100
1994.09 157.500
1994.10 157.800
1994.11 158.200
1994.12 158.300
1995.01 159.000
1995.02 159.400
1995.03 159.900
1995.04 160.400
1995.05 160.700
1995.06 161.100
1995.07 161.400
1995.08 161.800
1995.09 162.200
1995.10 162.700
1995.11 163.000
1995.12 163.100
1996.01 163.700
1996.02 164.000
1996.03 164.400
1996.04 164.600
1996.05 165.000
1996.06 165.400
1996.07 165.700
1996.08 166.000
1996.09 166.500
1996.10 166.800
1996.11 167.200
1996.12 167.400
1997.01 167.800
1997.02 168.100
1997.03 168.400
1997.04 168.900
1997.05 169.200
1997.06 169.400
1997.07 169.700
1997.08 169.800
1997.09 170.200
1997.10 170.600
1997.11 170.800
1997.12 171.200
1998.01 171.600
1998.02 171.900
1998.03 172.200
1998.04 172.500
1998.05 172.900
1998.06 173.200
1998.07 173.500
1998.08 174.000
1998.09 174.200
1998.10 174.400
1998.11 174.800
1998.12 175.400
1999.01 175.600
1999.02 175.600
1999.03 175.700
1999.04 176.300
1999.05 176.500
1999.06 176.600
1999.07 177.100
1999.08 177.300
1999.09 177.800
1999.10 178.100
1999.11 178.400
1999.12 178.700
2000.01 179.300
2000.02 179.400
2000.03 180.000
2000.04 180.300
2000.05 180.700
2000.06 181.100
2000.07 181.500
2000.08 181.900
2000.09 182.300
2000.10 182.600
2000.11 183.100
2000.12 183.300
2001.01 183.900
2001.02 184.400
2001.03 184.700
2001.04 185.100
2001.05 185.300
2001.06 186.000
2001.07 186.400
2001.08 186.700
2001.09 187.100
2001.10 187.400
2001.11 188.100
2001.12 188.400
2002.01 188.700
2002.02 189.100
2002.03 189.200
2002.04 189.700
2002.05 190.000
2002.06 190.200
2002.07 190.500
2002.08 191.100
2002.09 191.300
2002.10 191.500
2002.11 191.900
2002.12 192.100
2003.01 192.300
2003.02 192.500
2003.03 192.500
2003.04 192.500
2003.05 192.900
2003.06 193.000
2003.07 193.400
2003.08 193.600
2003.09 193.700
2003.10 194.000
2003.11 194.000
2003.12 194.300
2004.01 194.600
2004.02 194.900
2004.03 195.500
2004.04 195.900
2004.05 196.200
2004.06 196.500
2004.07 196.800
2004.08 196.900
2004.09 197.500
2004.10 197.900
2004.11 198.300
2004.12 198.500
2005.01 199.000
2005.02 199.500
2005.03 200.000
2005.04 200.200
2005.05 200.500
2005.06 200.600
2005.07 200.900
2005.08 201.200
2005.09 201.400
2005.10 202.000
2005.11 202.500
2005.12 202.900
2006.01 203.200
2006.02 203.600
2006.03 204.200
2006.04 204.800
2006.05 205.300
2006.06 205.900
2006.07 206.400
2006.08 206.900
2006.09 207.300
2006.10 207.600
2006.11 207.800
2006.12 208.100
2007.01 208.632
2007.02 209.135

DATE  VALUE

Title:   Consumer Price Index for All Urban Consumers: All Items Less Food & Energy
Series ID:   CPILFESL
Source:   U.S. Department of Labor: Bureau of Labor Statistics
Release:   Consumer Price Index
Seasonal Adjustment: Seasonally Adjusted
Frequency:   Monthly
Units:   Index 1982-84=100
Date Range:  1957.01 to 2007.02
