1987.08 18 6.625 -99.99
1987.09 22 7.313 0.688
1987.11 3 6.813 -0.5
1987.12 16 6.813 0
1988.02 10 6.5 -0.313
1988.05 17 7 0.5
1988.06 30 7.5 0.5
1988.08 12 8.125 0.625
1988.09 20 8.125 0
1988.11 1 8.125 0
1988.12 13 8.938 0.813
1989.02 7 9.125 0.187
1989.03 24 9.75 0.625
1989.05 12 9.813 0.063
1989.07 6 9.313 -0.5
1989.08 22 9.063 -0.25
1989.10 3 9 -0.063
1989.11 14 8.5 -0.5
1989.12 18 8.25 -0.25
1990.02 2 8.25 0
1990.03 27 8.25 0
1990.05 15 8.25 0
1990.07 3 8.25 0
1990.08 21 8 -0.25
1990.10 2 7.75 -0.25
1990.11 13 7.5 -0.25
1990.12 18 7 -0.5
1991.02 6 6.25 -0.75
1991.03 26 6 -0.25
1991.05 14 5.75 -0.25
1991.07 3 5.75 0
1991.08 16 5.5 -0.25
1991.10 1 5.25 -0.25
1991.11 5 4.75 -0.5
1991.12 17 4.5 -0.25
1992.02 5 4 -0.5
1992.03 31 4 0
1992.05 19 3.75 -0.25
1992.06 30 3.75 0
1992.08 18 3.25 -0.5
1992.10 6 3 -0.25
1992.11 17 3 0
1992.12 22 3 0
1993.02 3 3 0
1993.03 23 3 0
1993.05 18 3 0
1993.07 7 3 0
1993.08 17 3 0
1993.09 23 3 0
1993.11 11 3 0
1993.12 21 3 0
1994.02 2 3.25 0.25
1994.03 22 3.5 0.25
1994.05 17 4.25 0.75
1994.07 6 4.25 0
1994.08 16 4.75 0.5
1994.09 27 4.75 0
1994.11 15 5.5 0.75
1994.12 20 5.5 0
1995.02 1 6 0.5
1995.03 28 6 0
1995.05 23 6 0
1995.07 6 5.75 -0.25
1995.08 22 5.75 0
1995.09 26 5.75 0
1995.11 15 5.75 0
1995.12 19 5.5 -0.25
1996.01 31 5.25 -0.25
1996.03 26 5.25 0
1996.05 21 5.25 0
1996.07 3 5.25 0
1996.08 20 5.25 0
1996.09 24 5.25 0
1996.11 13 5.25 0
1996.12 17 5.25 0
1997.02 5 5.25 0
1997.03 25 5.5 0.25
1997.05 20 5.5 0
1997.07 1 5.5 0
1997.08 19 5.5 0
1997.09 30 5.5 0
1997.11 12 5.5 0
1997.12 16 5.5 0
1998.02 3 5.5 0
1998.03 31 5.5 0
1998.05 19 5.5 0
1998.07 1 5.5 0
1998.08 18 5.5 0
1998.09 29 5.25 -0.25
1998.10 15 5 -0.25
1998.11 17 4.75 -0.25
1998.12 22 4.75 0
1999.02 3 4.75 0
1999.03 30 4.75 0
1999.05 18 4.75 0
1999.06 30 5 0.25
1999.08 24 5.25 0.25
1999.10 5 5.25 0
1999.11 16 5.5 0.25
1999.12 21 5.5 0
2000.02 2 5.75 0.25
2000.03 21 6 0.25
2000.05 16 6.5 0.5
2000.06 28 6.5 0
2000.08 22 6.5 0
2000.10 3 6.5 0
2000.11 15 6.5 0
2000.12 19 6.5 0
2001.01 3 6 -0.5
2001.01 31 5.5 -0.5
2001.03 20 5 -0.5
2001.04 18 4.5 -0.5
2001.05 15 4 -0.5
2001.06 27 3.75 -0.25
2001.08 21 3.5 -0.25
2001.09 17 3 -0.5
2001.10 2 2.5 -0.5
2001.11 6 2 -0.5
2001.12 11 1.75 -0.25
2002.01 30 1.75 0
2002.03 19 1.75 0
2002.05 7 1.75 0
2002.06 26 1.75 0
2002.08 13 1.75 0
2002.09 24 1.75 0
2002.11 6 1.25 -0.5
2002.12 10 1.25 0
2003.01 29 1.25 0
2003.03 18 1.25 0
2003.05 6 1.25 0
2003.06 25 1 -0.25
2003.08 12 1 0
2003.09 16 1 0
2003.10 28 1 0
2003.12 9 1 0
2004.01 28 1 0
2004.03 16 1 0
2004.05 4 1 0
2004.06 30 1.25 0.25
2004.08 10 1.5 0.25
2004.09 21 1.75 0.25
2004.11 10 2 0.25
2004.12 14 2.25 0.25
2005.02 2 2.5 0.25
2005.03 22 2.75 0.25
2005.05 3 3 0.25
2005.06 29 3.25 0.25
2005.08 9 3.5 0.25
2005.09 20 3.75 0.25
2005.11 1 4 0.25
2005.12 13 4.25 0.25
2006.01 31 4.5 0.25
2006.03 27 4.75 0.25
2006.05 10 5 0.25
2006.06 29 5.25 0.25
2006.08 8 5.25 0
2006.09 20 5.25 0
2006.10 25 5.25 0
2006.12 12 5.25 0
2007.01 31 5.25 0
2007.03 21 5.25 0