1995.01 103.1 103.1 105.2
1995.02 103.6 103.6 105.7
1995.03 103.8 103.8 105.8
1995.04 104.1 104.1 105.9
1995.05 104.4 104.4 106.0
1995.06 104.4 104.4 106.0
1995.07 104.6 104.5 106.3
1995.08 104.4 104.4 106.5
1995.09 104.5 104.5 106.9
1995.10 104.4 104.5 106.8
1995.11 104.7 104.6 107.2
1995.12 104.5 104.6 106.7
1996.01 104.8 104.8 107.0
1996.02 104.9 104.9 107.4
1996.03 105.3 105.3 107.5
1996.04 105.6 105.6 107.6
1996.05 105.9 105.8 107.8
1996.06 105.9 105.8 107.8
1996.07 105.9 105.8 108.1
1996.08 105.9 105.9 108.3
1996.09 106.1 106.1 108.6
1996.10 106.3 106.4 108.7
1996.11 106.8 106.8 109.2
1996.12 106.8 107.0 109.0
1997.01 107.0 107.1 109.2
1997.02 107.2 107.3 109.5
1997.03 107.4 107.4 109.7
1997.04 107.4 107.4 110.0
1997.05 107.5 107.4 110.1
1997.06 107.7 107.5 110.3
1997.07 107.7 107.6 110.3
1997.08 107.9 107.8 110.5
1997.09 107.8 107.8 110.6
1997.10 107.9 107.9 110.8
1997.11 107.7 107.7 110.6
1997.12 107.6 107.9 110.5
1998.01 108.2 108.5 110.8
1998.02 108.3 108.4 111.2
1998.03 108.4 108.4 111.3
1998.04 108.3 108.3 111.3
1998.05 108.7 108.5 111.5
1998.06 108.8 108.6 111.5
1998.07 108.8 108.6 111.6
1998.08 108.8 108.7 111.8
1998.09 108.6 108.5 111.8
1998.10 109.0 108.9 112.1
1998.11 109.0 109.0 112.2
1998.12 108.7 109.0 111.9
1999.01 108.9 109.3 111.9
1999.02 109.1 109.3 112.3
1999.03 109.5 109.5 112.6
1999.04 110.1 110.1 112.8
1999.05 110.4 110.2 113.1
1999.06 110.5 110.2 113.2
1999.07 110.8 110.5 113.4
1999.08 111.1 110.9 113.6
1999.09 111.4 111.3 114.0
1999.10 111.5 111.4 113.9
1999.11 111.4 111.4 113.7
1999.12 111.5 111.9 113.4
2000.01 111.4 111.9 113.2
2000.02 112.0 112.3 113.7
2000.03 112.8 112.8 114.1
2000.04 112.4 112.4 114.0
2000.05 113.0 112.7 114.3
2000.06 113.7 113.3 114.6
2000.07 114.1 113.7 114.7
2000.08 113.9 113.7 114.9
2000.09 114.4 114.3 115.1
2000.10 114.6 114.5 115.3
2000.11 115.0 115.2 115.4
2000.12 115.1 115.5 115.4
2001.01 114.7 115.2 115.3
2001.02 115.2 115.4 115.6
2001.03 115.6 115.5 116.2
2001.04 116.4 116.3 116.6
2001.05 117.4 117.1 116.9
2001.06 117.5 117.1 117.2
2001.07 117.1 116.8 117.5
2001.08 117.1 116.9 117.6
2001.09 117.4 117.2 117.8
2001.10 116.8 116.8 117.8
2001.11 115.8 115.9 117.4
2001.12 115.9 116.3 117.3
2002.01 116.2 116.8 117.4
2002.02 116.9 117.2 118.2
2002.03 117.7 117.6 118.7
2002.04 118.4 118.4 119.2
2002.05 118.6 118.3 119.5
2002.06 119.0 118.6 119.7
2002.07 119.6 119.4 120.0
2002.08 120.1 119.9 120.6
2002.09 120.1 120.0 120.8
2002.10 120.5 120.6 120.8
2002.11 120.8 121.0 121.1
2002.12 120.4 120.8 120.5
2003.01 121.4 121.9 121.3
2003.02 122.3 122.5 121.9
2003.03 122.8 122.6 122.1
2003.04 121.9 121.8 121.7
2003.05 122.0 121.6 122.3
2003.06 122.1 121.8 122.2
2003.07 122.2 122.0 122.2
2003.08 122.5 122.4 122.4
2003.09 122.7 122.6 122.8
2003.10 122.4 122.5 123.0
2003.11 122.7 122.8 123.3
2003.12 122.8 123.3 123.1
2004.01 122.9 123.4 123.1
2004.02 123.2 123.4 123.3
2004.03 123.6 123.4 123.7
2004.04 123.9 123.8 123.9
2004.05 125.0 124.7 124.2
2004.06 125.1 124.8 124.3
2004.07 125.0 124.8 124.5
2004.08 124.8 124.6 124.3
2004.09 124.9 124.8 124.7
2004.10 125.2 125.3 124.7
2004.11 125.7 125.8 125.3
2004.12 125.4 125.9 125.2
2005.01 125.3 125.7 125.1
2005.02 125.8 125.9 125.5
2005.03 126.5 126.3 126.0
2005.04 126.9 126.8 126.0
2005.05 127.0 126.7 126.2
2005.06 127.2 127.0 126.2
2005.07 127.5 127.4 126.2
2005.08 128.0 127.9 126.4
2005.09 129.1 128.9 126.8
2005.10 128.5 128.5 126.8
2005.11 128.2 128.4 127.3
2005.12 128.1 128.6 127.2
2006.01 128.8 129.2 127.2
2006.02 128.6 128.9 127.6
2006.03 129.3 129.3 128.1
2006.04 130.0 129.9 128.0
2006.05 130.6 130.2 128.7
2006.06 130.4 130.2 128.4
2006.07 130.5 130.2 128.7
2006.08 130.7 130.3 128.9
2006.09 130.0 129.9 129.6
2006.10 129.7 129.8 129.7
2006.11 130.0 130.2 130.1
2006.12 130.2 130.6 129.8
2007.01 130.3 130.9 129.9
2007.02 131.2 131.5 130.6
