1997.06 27 3.25 0.25
1997.10 1 3.50 0.25
1997.11 25 3.75 0.25
1997.12 12 4.25 0.50
1998.01 30 4.75 0.50
1998.08 27 5.75 1.00
1998.09 29 5.50 -0.25
1998.10 16 5.25 -0.25
1998.11 18 5.00 -0.25
1999.03 31 4.75 -0.25
1999.05 4 4.50 -0.25
1999.11 17 4.75 0.25
2000.02 3 5.00 0.25
2000.03 22 5.25 0.25
2000.05 17 5.75 0.50
2000.12 5 5.75 0.00
2001.01 23 5.50 -0.25
2001.03 6 5.00 -0.50
2001.04 17 4.75 -0.25
2001.05 29 4.50 -0.25
2001.07 17 4.25 -0.25
2001.08 28 4.00 -0.25
2001.09 17 3.50 -0.50
2001.10 23 2.75 -0.75
2001.11 27 2.25 -0.50
2002.01 15 2.00 -0.25
2002.03 5 2.00 0.00
2002.04 16 2.25 0.25
2002.06 4 2.50 0.25
2002.07 16 2.75 0.25
2002.09 4 2.75 0.00
2002.10 16 2.75 0.00
2002.12 3 2.75 0.00
2003.01 21 2.75 0.00
2003.03 4 3.00 0.25
2003.04 15 3.25 0.25
2003.06 3 3.25 0.00
2003.07 15 3.00 -0.25
2003.09 3 2.75 -0.25
2003.10 15 2.75 0.00
2003.12 2 2.75 0.00
2004.01 20 2.75 -0.25
2004.03 2 2.50 -0.25
2004.04 13 2.25 -0.25
2004.06 8 2.00 0.00
2004.07 20 2.00 0.00
2004.09 8 2.25 0.25
2004.10 19 2.50 0.25
2004.12 7 2.50 0.00
2005.01 25 2.50 0.00
2005.03 1 2.50 0.00
2005.04 12 2.50 0.00
2005.05 25 2.50 0.00
2005.07 12 2.50 0.00
2005.09 7 2.75 0.25
2005.10 18 3.00 0.25
2005.12 6 3.25 0.25
2006.01 24 3.50 0.25
2006.03 7 3.75 0.25
2006.04 25 4.00 0.25
2006.05 24 4.25 0.25
2006.07 11 4.25 0.00
2006.09 6 4.25 0.00
2006.10 17 4.25 0.00
2006.12 5 4.25 0.00
2007.01 16 4.25 0.00
2007.03 6 4.25 0.00