1976.01 8.10
1976.02 8.00
1976.03 7.60
1976.04 7.50
1976.05 6.80
1976.06 6.60
1976.07 7.10
1976.08 6.50
1976.09 6.30
1976.10 6.50
1976.11 6.80
1976.12 7.20
1977.01 8.60
1977.02 8.90
1977.03 8.90
1977.04 8.70
1977.05 7.70
1977.06 7.50
1977.07 7.80
1977.08 7.50
1977.09 7.50
1977.10 7.40
1977.11 7.90
1977.12 8.30
1978.01 9.30
1978.02 9.40
1978.03 9.70
1978.04 9.30
1978.05 8.50
1978.06 8.00
1978.07 8.10
1978.08 7.80
1978.09 7.60
1978.10 7.20
1978.11 7.70
1978.12 8.00
1979.01 9.20
1979.02 9.00
1979.03 9.00
1979.04 8.60
1979.05 7.50
1979.06 7.10
1979.07 6.80
1979.08 6.60
1979.09 6.40
1979.10 6.60
1979.11 6.80
1979.12 7.00
1980.01 8.50
1980.02 8.40
1980.03 8.60
1980.04 8.30
1980.05 7.80
1980.06 7.50
1980.07 7.20
1980.08 7.00
1980.09 6.70
1980.10 6.70
1980.11 6.80
1980.12 7.10
1981.01 8.30
1981.02 8.10
1981.03 8.50
1981.04 7.70
1981.05 7.20
1981.06 7.00
1981.07 6.80
1981.08 6.50
1981.09 7.50
1981.10 7.60
1981.11 7.90
1981.12 8.50
1982.01 9.60
1982.02 9.70
1982.03 10.50
1982.04 10.50
1982.05 10.40
1982.06 10.70
1982.07 11.30
1982.08 11.30
1982.09 11.30
1982.10 11.80
1982.11 12.40
1982.12 12.90
1983.01 13.90
1983.02 13.70
1983.03 14.10
1983.04 13.40
1983.05 12.40
1983.06 11.90
1983.07 11.40
1983.08 11.00
1983.09 10.50
1983.10 10.30
1983.11 10.70
1983.12 11.10
1984.01 12.20
1984.02 12.20
1984.03 12.70
1984.04 12.20
1984.05 11.70
1984.06 10.80
1984.07 10.40
1984.08 10.60
1984.09 10.90
1984.10 10.60
1984.11 11.10
1984.12 10.80
1985.01 11.90
1985.02 11.80
1985.03 12.50
1985.04 11.70
1985.05 10.70
1985.06 10.30
1985.07 10.00
1985.08 9.90
1985.09 9.60
1985.10 9.70
1985.11 10.00
1985.12 9.90
1986.01 10.90
1986.02 10.80
1986.03 11.10
1986.04 10.40
1986.05 9.60
1986.06 9.20
1986.07 9.20
1986.08 9.10
1986.09 8.80
1986.10 8.70
1986.11 9.10
1986.12 9.20
1987.01 10.40
1987.02 10.30
1987.03 10.70
1987.04 9.80
1987.05 8.90
1987.06 8.40
1987.07 8.40
1987.08 8.10
1987.09 7.80
1987.10 7.60
1987.11 7.80
1987.12 7.80
1988.01 8.80
1988.02 8.50
1988.03 8.80
1988.04 8.20
1988.05 7.70
1988.06 7.20
1988.07 7.60
1988.08 7.60
1988.09 7.20
1988.10 7.00
1988.11 7.30
1988.12 7.30
1989.01 8.30
1989.02 8.30
1989.03 8.60
1989.04 8.30
1989.05 7.60
1989.06 7.10
1989.07 7.40
1989.08 7.10
1989.09 6.70
1989.10 6.70
1989.11 7.30
1989.12 7.40
1990.01 8.70
1990.02 8.40
1990.03 8.30
1990.04 7.90
1990.05 7.80
1990.06 7.20
1990.07 7.70
1990.08 7.90
1990.09 7.70
1990.10 8.10
1990.11 8.90
1990.12 9.20
1991.01 10.70
1991.02 11.10
1991.03 11.70
1991.04 10.80
1991.05 10.30
1991.06 10.00
1991.07 10.30
1991.08 10.10
1991.09 9.30
1991.10 9.50
1991.11 10.00
1991.12 10.10
1992.01 11.30
1992.02 11.40
1992.03 12.20
1992.04 11.30
1992.05 11.00
1992.06 10.90
1992.07 11.20
1992.08 11.20
1992.09 10.40
1992.10 10.40
1992.11 11.60
1992.12 11.40
1993.01 12.10
1993.02 11.80
1993.03 12.50
1993.04 12.10
1993.05 11.70
1993.06 11.20
1993.07 11.70
1993.08 11.20
1993.09 10.30
1993.10 10.30
1993.11 10.80
1993.12 11.10
1994.01 12.30
1994.02 11.90
1994.03 11.70
1994.04 11.50
1994.05 10.70
1994.06 9.90
1994.07 10.20
1994.08 10.10
1994.09 9.10
1994.10 9.10
1994.11 9.20
1994.12 9.30
1995.01 10.50
1995.02 10.30
1995.03 10.60
1995.04 10.00
1995.05 9.60
1995.06 9.10
1995.07 9.90
1995.08 9.50
1995.09 8.30
1995.10 8.50
1995.11 8.80
1995.12 9.00
1996.01 10.30
1996.02 10.20
1996.03 10.40
1996.04 9.70
1996.05 9.40
1996.06 9.40
1996.07 9.80
1996.08 9.40
1996.09 9.10
1996.10 9.20
1996.11 9.50
1996.12 9.30
1997.01 10.40
1997.02 10.30
1997.03 10.00
1997.04 9.90
1997.05 9.50
1997.06 8.80
1997.07 9.00
1997.08 8.80
1997.09 8.10
1997.10 8.20
1997.11 8.50
1997.12 8.00
1998.01 9.60
1998.02 9.20
1998.03 9.00
1998.04 8.70
1998.05 8.40
1998.06 8.10
1998.07 8.50
1998.08 8.10
1998.09 7.50
1998.10 7.40
1998.11 7.70
1998.12 7.70
1999.01 8.60
1999.02 8.50
1999.03 8.40
1999.04 8.60
1999.05 8.10
1999.06 7.20
1999.07 7.80
1999.08 7.60
1999.09 6.80
1999.10 6.60
1999.11 6.60
1999.12 6.30
2000.01 7.30
2000.02 7.30
2000.03 7.30
2000.04 7.10
2000.05 6.80
2000.06 6.40
2000.07 7.00
2000.08 7.20
2000.09 6.30
2000.10 6.40
2000.11 6.50
2000.12 6.40
2001.01 7.50
2001.02 7.50
2001.03 7.60
2001.04 7.40
2001.05 7.10
2001.06 6.70
2001.07 7.30
2001.08 7.50
2001.09 6.60
2001.10 6.70
2001.11 7.10
2001.12 7.60
2002.01 8.70
2002.02 8.40
2002.03 8.40
2002.04 8.10
2002.05 7.90
2002.06 7.10
2002.07 7.70
2002.08 7.70
2002.09 6.90
2002.10 6.90
2002.11 7.10
2002.12 7.10
2003.01 8.10
2003.02 7.90
2003.03 7.80
2003.04 7.90
2003.05 8.00
2003.06 7.10
2003.07 7.80
2003.08 8.10
2003.09 7.30
2003.10 6.90
2003.11 7.10
2003.12 6.90
2004.01 7.90
2004.02 7.80
2004.03 7.80
2004.04 7.50
2004.05 7.30
2004.06 6.70
2004.07 7.30
2004.08 7.50
2004.09 6.50
2004.10 6.50
2004.11 6.80
2004.12 6.70
2005.01 7.50
2005.02 7.50
2005.03 7.40
2005.04 7.00
2005.05 7.00
2005.06 6.30
2005.07 6.90
2005.08 7.10
2005.09 6.20
2005.10 6.10
2005.11 6.00
2005.12 6.10
2006.01 7.20
2006.02 6.70
2006.03 6.70
2006.04 6.60
2006.05 6.10
2006.06 5.60
2006.07 6.70
2006.08 6.80
2006.09 5.90
2006.10 5.60
2006.11 5.90
2006.12 5.70
2007.01 6.20
2007.02 6.10