1999.01 1 3.00 -99.99
1999.01 7 3.00 0.00
1999.01 21 3.00 0.00
1999.02 18 3.00 0.00
1999.03 4 3.00 0.00
1999.03 18 3.00 0.00
1999.04 8 2.50 -0.50
1999.04 22 2.50 0.00
1999.05 6 2.50 0.00
1999.05 20 2.50 0.00
1999.06 2 2.50 0.00
1999.06 16 2.50 0.00
1999.07 1 2.50 0.00
1999.07 15 2.50 0.00
1999.07 29 2.50 0.00
1999.08 26 2.50 0.00
1999.09 9 2.50 0.00
1999.09 23 2.50 0.00
1999.10 7 2.50 0.00
1999.10 21 2.50 0.00
1999.11 4 3.00 0.50
1999.11 18 3.00 0.00
1999.12 2 3.00 0.00
1999.12 15 3.00 0.00
2000.01 5 3.00 0.00
2000.01 20 3.00 0.00
2000.02 3 3.25 0.25
2000.02 17 3.25 0.00
2000.03 2 3.25 0.00
2000.03 16 3.50 0.25
2000.03 30 3.75 0.00
2000.04 13 3.75 0.00
2000.04 27 3.75 0.25
2000.05 11 3.75 0.00
2000.05 25 3.75 0.00
2000.06 8 4.25 0.50
2000.06 21 4.25 0.00
2000.07 6 4.25 0.00
2000.07 20 4.25 0.00
2000.08 3 4.25 0.00
2000.08 31 4.50 0.25
2000.09 14 4.50 0.00
2000.10 5 4.75 0.25
2000.10 19 4.75 0.00
2000.11 2 4.75 0.00
2000.11 16 4.75 0.00
2000.11 30 4.75 0.00
2000.12 14 4.75 0.00
2001.01 4 4.75 0.00
2001.01 18 4.75 0.00
2001.02 1 4.75 0.00
2001.02 15 4.75 0.00
2001.03 1 4.75 0.00
2001.03 15 4.75 0.00
2001.03 29 4.75 0.00
2001.04 11 4.75 0.00
2001.04 26 4.75 0.00
2001.05 10 4.50 -0.25
2001.05 23 4.50 0.00
2001.06 7 4.50 0.00
2001.06 21 4.50 0.00
2001.07 5 4.50 0.00
2001.07 19 4.50 0.00
2001.08 2 4.50 0.00
2001.08 30 4.25 -0.25
2001.09 13 4.25 0.00
2001.09 17 3.75 -0.50
2001.09 27 3.75 0.00
2001.10 10 3.75 0.00
2001.10 25 3.75 0.00
2001.11 8 3.25 -0.50
2001.12 6 3.25 0.00
2002.01 3 3.25 0.00
2002.02 7 3.25 0.00
2002.03 7 3.25 0.00
2002.04 4 3.25 0.00
2002.05 2 3.25 0.00
2002.06 6 3.25 0.00
2002.07 4 3.25 0.00
2002.08 1 3.25 0.00
2002.09 12 3.25 0.00
2002.10 10 3.25 0.00
2002.11 7 3.35 0.10
2002.12 5 2.75 -0.60
2003.01 9 2.75 0.00
2003.02 6 2.75 0.00
2003.03 6 2.50 -0.25
2003.04 3 2.50 0.00
2003.05 8 2.50 0.00
2003.06 5 2.00 -0.50
2003.07 10 2.00 0.00
2003.07 31 2.00 0.00
2003.09 4 2.00 0.00
2003.10 2 2.00 0.00
2003.11 6 2.00 0.00
2003.12 4 2.00 0.00
2004.01 8 2.00 0.00
2004.02 5 2.00 0.00
2004.03 4 2.00 0.00
2004.04 1 2.00 0.00
2004.05 6 2.00 0.00
2004.06 3 2.00 0.00
2004.07 1 2.00 0.00
2004.08 5 2.00 0.00
2004.09 2 2.00 0.00
2004.10 7 2.00 0.00
2004.11 4 2.00 0.00
2004.12 2 2.00 0.00
2005.01 13 2.00 0.00
2005.02 3 2.00 0.00
2005.03 3 2.00 0.00
2005.04 7 2.00 0.00
2005.05 4 2.00 0.00
2005.06 2 2.00 0.00
2005.07 7 2.00 0.00
2005.08 4 2.00 0.00
2005.09 1 2.00 0.00
2005.10 6 2.00 0.00
2005.11 3 2.00 0.00
2005.12 1 2.25 0.25
2006.01 12 2.25 0.00
2006.02 2 2.25 0.00
2006.03 8 2.50 0.25
2006.04 6 2.50 0.00
2006.05 4 2.50 0.00
2006.06 8 2.75 0.25
2006.07 6 2.75 0.00
2006.08 3 3.00 0.25
2006.08 31 3.00 0.00
2006.10 5 3.25 0.25
2006.11 2 3.25 0.00
2006.12 7 3.50 0.25
2007.01 11 3.50 0.00
2007.02 8 3.50 0.00
2007.03 8 3.75 0.25