1993.01 9.29
1993.02 9.44
1993.03 9.62
1993.04 9.78
1993.05 9.92
1993.06 10.04
1993.07 10.17
1993.08 10.25
1993.09 10.34
1993.10 10.50
1993.11 10.57
1993.12 10.65
1994.01 10.70
1994.02 10.75
1994.03 10.78
1994.04 10.80
1994.05 10.80
1994.06 10.79
1994.07 10.69
1994.08 10.65
1994.09 10.61
1994.10 10.70
1994.11 10.64
1994.12 10.59
1995.01 10.54
1995.02 10.51
1995.03 10.48
1995.04 10.37
1995.05 10.41
1995.06 10.38
1995.07 10.39
1995.08 10.41
1995.09 10.44
1995.10 10.46
1995.11 10.49
1995.12 10.51
1996.01 10.56
1996.02 10.60
1996.03 10.62
1996.04 10.63
1996.05 10.63
1996.06 10.64
1996.07 10.63
1996.08 10.64
1996.09 10.65
1996.10 10.66
1996.11 10.66
1996.12 10.65
1997.01 10.65
1997.02 10.64
1997.03 10.62
1997.04 10.62
1997.05 10.61
1997.06 10.60
1997.07 10.54
1997.08 10.50
1997.09 10.47
1997.10 10.43
1997.11 10.40
1997.12 10.37
1998.01 10.27
1998.02 10.22
1998.03 10.18
1998.04 10.16
1998.05 10.09
1998.06 10.04
1998.07 9.99
1998.08 9.94
1998.09 9.89
1998.10 9.85
1998.11 9.79
1998.12 9.73
1999.01 9.54
1999.02 9.49
1999.03 9.44
1999.04 9.34
1999.05 9.28
1999.06 9.22
1999.07 9.12
1999.08 9.03
1999.09 8.96
1999.10 8.82
1999.11 8.76
1999.12 8.70
2000.01 8.58
2000.02 8.52
2000.03 8.45
2000.04 8.31
2000.05 8.20
2000.06 8.19
2000.07 8.11
2000.08 8.11
2000.09 8.08
2000.10 7.97
2000.11 7.93
2000.12 7.90
2001.01 7.75
2001.02 7.77
2001.03 7.77
2001.04 7.72
2001.05 7.75
2001.06 7.75
2001.07 7.76
2001.08 7.80
2001.09 7.79
2001.10 7.86
2001.11 7.87
2001.12 7.90
2002.01 7.95
2002.02 8.00
2002.03 8.00
2002.04 8.07
2002.05 8.12
2002.06 8.16
2002.07 8.26
2002.08 8.29
2002.09 8.32
2002.10 8.36
2002.11 8.39
2002.12 8.45
2003.01 8.53
2003.02 8.58
2003.03 8.63
2003.04 8.63
2003.05 8.67
2003.06 8.71
2003.07 8.69
2003.08 8.68
2003.09 8.72
2003.10 8.73
2003.11 8.75
2003.12 8.81
2004.01 8.82
2004.02 8.82
2004.03 8.83
2004.04 8.85
2004.05 8.88
2004.06 8.89
2004.07 8.83
2004.08 8.83
2004.09 8.83
2004.10 8.78
2004.11 8.77
2004.12 8.75
2005.01 8.75
2005.02 8.79
2005.03 8.82
2005.04 8.72
2005.05 8.69
2005.06 8.65
2005.07 8.52
2005.08 8.44
2005.09 8.38
2005.10 8.38
2005.11 8.40
2005.12 8.39
2006.01 8.31
2006.02 8.24
2006.03 8.16
2006.04 7.95
2006.05 7.90
2006.06 7.88
2006.07 7.80
2006.08 7.81
2006.09 7.74
2006.10 7.71
2006.11 7.63
2006.12 7.55
2007.01 7.45
2007.02 7.37