1988.01 61.90
1988.02 62.10
1988.03 62.30
1988.04 63.10
1988.05 63.40
1988.06 63.60
1988.07 63.60
1988.08 63.80
1988.09 64.10
1988.10 64.40
1988.11 64.70
1988.12 64.80
1989.01 65.00
1989.02 65.20
1989.03 65.50
1989.04 66.40
1989.05 66.70
1989.06 67.00
1989.07 66.90
1989.08 67.00
1989.09 67.50
1989.10 68.00
1989.11 68.20
1989.12 68.30
1990.01 68.60
1990.02 69.00
1990.03 69.40
1990.04 70.60
1990.05 71.30
1990.06 71.60
1990.07 71.40
1990.08 72.20
1990.09 72.90
1990.10 73.50
1990.11 73.60
1990.12 73.50
1991.01 73.50
1991.02 73.90
1991.03 74.10
1991.04 76.60
1991.05 77.20
1991.06 77.60
1991.07 77.40
1991.08 77.70
1991.09 78.10
1991.10 78.50
1991.11 78.80
1991.12 78.80
1992.01 78.60
1992.02 79.00
1992.03 79.40
1992.04 80.20
1992.05 80.50
1992.06 80.60
1992.07 80.20
1992.08 80.20
1992.09 80.50
1992.10 80.70
1992.11 80.80
1992.12 80.80
1993.01 80.40
1993.02 80.90
1993.03 81.30
1993.04 82.20
1993.05 82.50
1993.06 82.50
1993.07 82.20
1993.08 82.50
1993.09 82.90
1993.10 82.80
1993.11 82.60
1993.12 82.80
1994.01 82.50
1994.02 82.90
1994.03 83.10
1994.04 83.90
1994.05 84.10
1994.06 84.10
1994.07 83.60
1994.08 84.10
1994.09 84.20
1994.10 84.00
1994.11 84.10
1994.12 84.50
1995.01 84.50
1995.02 84.90
1995.03 85.30
1995.04 85.80
1995.05 86.20
1995.06 86.30
1995.07 85.80
1995.08 86.30
1995.09 86.70
1995.10 86.50
1995.11 86.50
1995.12 87.00
1996.01 86.80
1996.02 87.20
1996.03 87.50
1996.04 88.00
1996.05 88.30
1996.06 88.40
1996.07 87.80
1996.08 88.30
1996.09 88.70
1996.10 88.70
1996.11 88.70
1996.12 89.00
1997.01 88.60
1997.02 88.80
1997.03 89.00
1997.04 89.40
1997.05 89.60
1997.06 89.80
1997.07 89.50
1997.08 90.00
1997.09 90.30
1997.10 90.30
1997.11 90.40
1997.12 90.50
1998.01 89.90
1998.02 90.30
1998.03 90.50
1998.04 91.00
1998.05 91.50
1998.06 91.30
1998.07 90.80
1998.08 91.20
1998.09 91.60
1998.10 91.60
1998.11 91.70
1998.12 91.90
1999.01 91.40
1999.02 91.50
1999.03 92.00
1999.04 92.40
1999.05 92.70
1999.06 92.60
1999.07 92.00
1999.08 92.30
1999.09 92.70
1999.10 92.60
1999.11 92.70
1999.12 93.00
2000.01 92.10
2000.02 92.40
2000.03 92.60
2000.04 92.90
2000.05 93.20
2000.06 93.30
2000.07 92.80
2000.08 92.80
2000.09 93.60
2000.10 93.50
2000.11 93.70
2000.12 93.70
2001.01 92.90
2001.02 93.10
2001.03 93.40
2001.04 94.00
2001.05 94.70
2001.06 94.90
2001.07 94.20
2001.08 94.50
2001.09 94.80
2001.10 94.70
2001.11 94.50
2001.12 94.70
2002.01 94.40
2002.02 94.50
2002.03 94.90
2002.04 95.30
2002.05 95.50
2002.06 95.50
2002.07 95.20
2002.08 95.50
2002.09 95.70
2002.10 95.90
2002.11 95.90
2002.12 96.30
2003.01 95.70
2003.02 96.00
2003.03 96.30
2003.04 96.70
2003.05 96.70
2003.06 96.50
2003.07 96.50
2003.08 96.80
2003.09 97.10
2003.10 97.20
2003.11 97.20
2003.12 97.50
2004.01 97.00
2004.02 97.20
2004.03 97.40
2004.04 97.80
2004.05 98.10
2004.06 98.10
2004.07 97.80
2004.08 98.10
2004.09 98.20
2004.10 98.40
2004.11 98.60
2004.12 99.10
2005.01 98.60
2005.02 98.80
2005.03 99.30
2005.04 99.70
2005.05 100.00
2005.06 100.00
2005.07 100.10
2005.08 100.40
2005.09 100.60
2005.10 100.70
2005.11 100.70
2005.12 101.00
2006.01 100.50
2006.02 100.90
2006.03 101.10
2006.04 101.70
2006.05 102.20
2006.06 102.50
2006.07 102.50
2006.08 102.90