1987.01 100.00
1987.02 100.40
1987.03 100.70
1987.04 101.50
1987.05 101.80
1987.06 101.90
1987.07 101.70
1987.08 102.10
1987.09 102.40
1987.10 102.90
1987.11 103.50
1987.12 103.70
1988.01 103.80
1988.02 104.20
1988.03 104.60
1988.04 105.60
1988.05 106.20
1988.06 106.70
1988.07 106.80
1988.08 107.20
1988.09 107.70
1988.10 108.30
1988.11 108.80
1988.12 109.00
1989.01 109.60
1989.02 110.10
1989.03 110.60
1989.04 112.30
1989.05 113.00
1989.06 113.40
1989.07 113.40
1989.08 113.60
1989.09 114.40
1989.10 115.20
1989.11 115.80
1989.12 116.00
1990.01 116.70
1990.02 117.40
1990.03 118.00
1990.04 119.70
1990.05 120.80
1990.06 121.20
1990.07 121.30
1990.08 122.70
1990.09 123.90
1990.10 124.90
1990.11 125.00
1990.12 125.00
1991.01 125.20
1991.02 126.00
1991.03 126.50
1991.04 128.20
1991.05 129.20
1991.06 130.00
1991.07 130.00
1991.08 130.60
1991.09 131.20
1991.10 132.00
1991.11 132.50
1991.12 132.60
1992.01 132.50
1992.02 133.20
1992.03 134.00
1992.04 135.00
1992.05 135.60
1992.06 135.80
1992.07 135.30
1992.08 135.20
1992.09 135.70
1992.10 136.30
1992.11 136.40
1992.12 136.60
1993.01 135.90
1993.02 137.00
1993.03 137.90
1993.04 139.00
1993.05 139.60
1993.06 139.50
1993.07 139.10
1993.08 139.70
1993.09 140.40
1993.10 140.20
1993.11 139.90
1993.12 139.60
1994.01 139.20
1994.02 140.10
1994.03 140.50
1994.04 141.30
1994.05 141.90
1994.06 141.90
1994.07 141.10
1994.08 141.70
1994.09 142.20
1994.10 141.90
1994.11 141.90
1994.12 142.10
1995.01 141.80
1995.02 142.60
1995.03 143.20
1995.04 144.20
1995.05 145.00
1995.06 145.10
1995.07 144.30
1995.08 145.20
1995.09 145.90
1995.10 145.30
1995.11 145.30
1995.12 145.60
1996.01 145.30
1996.02 146.20
1996.03 146.90
1996.04 147.90
1996.05 148.40
1996.06 148.50
1996.07 147.70
1996.08 148.70
1996.09 149.60
1996.10 149.60
1996.11 149.70
1996.12 149.50
1997.01 149.30
1997.02 149.90
1997.03 150.30
1997.04 150.80
1997.05 151.30
1997.06 151.80
1997.07 151.00
1997.08 151.80
1997.09 152.60
1997.10 152.90
1997.11 152.90
1997.12 152.80
1998.01 152.10
1998.02 153.00
1998.03 153.40
1998.04 154.10
1998.05 155.10
1998.06 154.90
1998.07 154.20
1998.08 155.00
1998.09 155.70
1998.10 155.70
1998.11 155.60
1998.12 155.80
1999.01 155.10
1999.02 155.80
1999.03 156.00
1999.04 156.90
1999.05 157.40
1999.06 157.30
1999.07 156.70
1999.08 157.20
1999.09 157.80
1999.10 158.10
1999.11 158.30
1999.12 158.60
2000.01 157.90
2000.02 158.60
2000.03 159.20
2000.04 159.40
2000.05 160.00
2000.06 160.40
2000.07 159.70
2000.08 159.60
2000.09 160.90
2000.10 160.70
2000.11 161.20
2000.12 161.30
2001.01 160.20
2001.02 161.10
2001.03 162.10
2001.04 162.90
2001.05 164.40
2001.06 164.90
2001.07 163.90
2001.08 164.60
2001.09 165.40
2001.10 165.20
2001.11 164.80
2001.12 165.00
2002.01 165.00
2002.02 165.40
2002.03 166.10
2002.04 166.90
2002.05 167.30
2002.06 167.20
2002.07 167.00
2002.08 167.60
2002.09 168.70
2002.10 169.10
2002.11 169.60
2002.12 169.80
2003.01 169.80
2003.02 170.60
2003.03 171.40
2003.04 171.80
2003.05 171.90
2003.06 171.70
2003.07 171.60
2003.08 172.20
2003.09 173.20
2003.10 173.10
2003.11 173.10
2003.12 173.50
2004.01 173.20
2004.02 173.90
2004.03 174.30
2004.04 174.90
2004.05 175.60
2004.06 175.60
2004.07 175.10
2004.08 175.70
2004.09 176.10
2004.10 176.60
2004.11 176.90
2004.12 177.90
2005.01 176.70
2005.02 177.40
2005.03 178.30
2005.04 179.00
2005.05 179.40
2005.06 179.50
2005.07 179.50
2005.08 179.80
2005.09 180.50
2005.10 180.70
2005.11 180.90
2005.12 181.50
2006.01 180.70
2006.02 181.40
2006.03 182.20
2006.04 183.20
2006.05 184.50
2006.06 185.20
2006.07 185.20
2006.08 186.00