1987.01 100.00
1987.02 100.40
1987.03 100.60
1987.04 101.80
1987.05 101.90
1987.06 101.90
1987.07 101.80
1987.08 102.10
1987.09 102.40
1987.10 102.90
1987.11 103.40
1987.12 103.30
1988.01 103.30
1988.02 103.70
1988.03 104.10
1988.04 105.80
1988.05 106.20
1988.06 106.60
1988.07 106.70
1988.08 107.90
1988.09 108.40
1988.10 109.50
1988.11 110.00
1988.12 110.30
1989.01 111.00
1989.02 111.80
1989.03 112.30
1989.04 114.30
1989.05 115.00
1989.06 115.40
1989.07 115.50
1989.08 115.80
1989.09 116.60
1989.10 117.50
1989.11 118.50
1989.12 118.80
1990.01 119.50
1990.02 120.20
1990.03 121.40
1990.04 125.10
1990.05 126.20
1990.06 126.70
1990.07 126.80
1990.08 128.10
1990.09 129.30
1990.10 130.30
1990.11 130.00
1990.12 129.90
1991.01 130.20
1991.02 130.90
1991.03 131.40
1991.04 133.10
1991.05 133.50
1991.06 134.10
1991.07 133.80
1991.08 134.10
1991.09 134.60
1991.10 135.10
1991.11 135.60
1991.12 135.70
1992.01 135.60
1992.02 136.30
1992.03 136.70
1992.04 138.80
1992.05 139.30
1992.06 139.30
1992.07 138.80
1992.08 138.90
1992.09 139.40
1992.10 139.90
1992.11 139.70
1992.12 139.20
1993.01 137.90
1993.02 138.80
1993.03 139.30
1993.04 140.60
1993.05 141.10
1993.06 141.00
1993.07 140.70
1993.08 141.30
1993.09 141.90
1993.10 141.80
1993.11 141.60
1993.12 141.90
1994.01 141.30
1994.02 142.10
1994.03 142.50
1994.04 144.20
1994.05 144.70
1994.06 144.70
1994.07 144.00
1994.08 144.70
1994.09 145.00
1994.10 145.20
1994.11 145.30
1994.12 146.00
1995.01 146.00
1995.02 146.90
1995.03 147.50
1995.04 149.00
1995.05 149.60
1995.06 149.80
1995.07 149.10
1995.08 149.90
1995.09 150.60
1995.10 149.80
1995.11 149.80
1995.12 150.70
1996.01 150.20
1996.02 150.90
1996.03 151.50
1996.04 152.60
1996.05 152.90
1996.06 153.00
1996.07 152.40
1996.08 153.10
1996.09 153.80
1996.10 153.80
1996.11 153.90
1996.12 154.40
1997.01 154.40
1997.02 155.00
1997.03 155.40
1997.04 156.30
1997.05 156.90
1997.06 157.50
1997.07 157.50
1997.08 158.50
1997.09 159.30
1997.10 159.50
1997.11 159.60
1997.12 160.00
1998.01 159.50
1998.02 160.30
1998.03 160.80
1998.04 162.60
1998.05 163.50
1998.06 163.40
1998.07 163.00
1998.08 163.70
1998.09 164.40
1998.10 164.50
1998.11 164.40
1998.12 164.40
1999.01 163.40
1999.02 163.70
1999.03 164.10
1999.04 165.20
1999.05 165.60
1999.06 165.60
1999.07 165.10
1999.08 165.50
1999.09 166.20
1999.10 166.50
1999.11 166.70
1999.12 167.30
2000.01 166.60
2000.02 167.50
2000.03 168.40
2000.04 170.10
2000.05 170.70
2000.06 171.10
2000.07 170.50
2000.08 170.50
2000.09 171.70
2000.10 171.60
2000.11 172.10
2000.12 172.20
2001.01 171.10
2001.02 172.00
2001.03 172.20
2001.04 173.10
2001.05 174.20
2001.06 174.40
2001.07 173.30
2001.08 174.00
2001.09 174.60
2001.10 174.30
2001.11 173.60
2001.12 173.40
2002.01 173.30
2002.02 173.80
2002.03 174.50
2002.04 175.70
2002.05 176.20
2002.06 176.20
2002.07 175.90
2002.08 176.40
2002.09 177.60
2002.10 177.90
2002.11 178.20
2002.12 178.50
2003.01 178.40
2003.02 179.30
2003.03 179.90
2003.04 181.20
2003.05 181.50
2003.06 181.30
2003.07 181.30
2003.08 181.60
2003.09 182.50
2003.10 182.60
2003.11 182.70
2003.12 183.50
2004.01 183.10
2004.02 183.80
2004.03 184.60
2004.04 185.70
2004.05 186.50
2004.06 186.80
2004.07 186.80
2004.08 187.40
2004.09 188.10
2004.10 188.60
2004.11 189.00
2004.12 189.90
2005.01 188.90
2005.02 189.60
2005.03 190.50
2005.04 191.60
2005.05 192.00
2005.06 192.20
2005.07 192.20
2005.08 192.60
2005.09 193.10
2005.10 193.30
2005.11 193.60
2005.12 194.10
2006.01 193.40
2006.02 194.20
2006.03 195.00
2006.04 196.50
2006.05 197.70
2006.06 198.50
2006.07 198.50
2006.08 199.20