1987.01 100.40
1987.02 100.80
1987.03 101.00
1987.04 101.10
1987.05 101.30
1987.06 101.40
1987.07 101.70
1987.08 102.10
1987.09 102.30
1987.10 102.80
1987.11 103.40
1987.12 103.80
1988.01 104.10
1988.02 104.50
1988.03 104.90
1988.04 105.30
1988.05 105.70
1988.06 106.30
1988.07 106.90
1988.08 107.30
1988.09 107.70
1988.10 108.20
1988.11 108.70
1988.12 109.20
1989.01 110.10
1989.02 110.50
1989.03 111.00
1989.04 111.90
1989.05 112.40
1989.06 112.90
1989.07 113.50
1989.08 113.70
1989.09 114.30
1989.10 115.10
1989.11 115.70
1989.12 116.30
1990.01 117.30
1990.02 117.90
1990.03 118.50
1990.04 119.30
1990.05 120.20
1990.06 120.70
1990.07 121.40
1990.08 122.70
1990.09 123.90
1990.10 124.80
1990.11 125.00
1990.12 125.40
1991.01 126.00
1991.02 126.70
1991.03 127.00
1991.04 127.80
1991.05 128.60
1991.06 129.50
1991.07 130.10
1991.08 130.60
1991.09 131.30
1991.10 131.90
1991.11 132.60
1991.12 133.10
1992.01 133.50
1992.02 134.00
1992.03 134.40
1992.04 134.70
1992.05 135.10
1992.06 135.30
1992.07 135.60
1992.08 135.30
1992.09 135.60
1992.10 136.20
1992.11 136.60
1992.12 137.10
1993.01 137.10
1993.02 137.70
1993.03 138.20
1993.04 138.80
1993.05 139.00
1993.06 139.10
1993.07 139.60
1993.08 139.90
1993.09 140.30
1993.10 140.30
1993.11 140.20
1993.12 140.10
1994.01 140.50
1994.02 141.00
1994.03 140.90
1994.04 141.30
1994.05 141.50
1994.06 141.60
1994.07 141.70
1994.08 142.20
1994.09 142.10
1994.10 142.10
1994.11 142.50
1994.12 142.70
1995.01 143.10
1995.02 143.50
1995.03 143.70
1995.04 144.40
1995.05 144.80
1995.06 145.10
1995.07 145.20
1995.08 145.80
1995.09 146.10
1995.10 145.80
1995.11 146.00
1995.12 146.30
1996.01 146.60
1996.02 147.00
1996.03 147.40
1996.04 148.00
1996.05 148.20
1996.06 148.40
1996.07 148.60
1996.08 149.20
1996.09 149.60
1996.10 149.80
1996.11 150.20
1996.12 150.20
1997.01 150.70
1997.02 150.70
1997.03 150.80
1997.04 151.10
1997.05 151.20
1997.06 151.80
1997.07 152.00
1997.08 152.40
1997.09 152.70
1997.10 153.10
1997.11 153.40
1997.12 153.40
1998.01 153.50
1998.02 153.80
1998.03 154.00
1998.04 154.30
1998.05 154.80
1998.06 154.90
1998.07 155.20
1998.08 155.60
1998.09 155.70
1998.10 156.00
1998.11 156.00
1998.12 156.20
1999.01 156.70
1999.02 156.70
1999.03 156.60
1999.04 157.10
1999.05 157.00
1999.06 157.30
1999.07 157.60
1999.08 157.80
1999.09 157.90
1999.10 158.20
1999.11 158.60
1999.12 159.10
2000.01 159.40
2000.02 159.50
2000.03 159.70
2000.04 159.60
2000.05 159.60
2000.06 160.20
2000.07 160.60
2000.08 160.30
2000.09 160.90
2000.10 161.00
2000.11 161.60
2000.12 161.80
2001.01 161.50
2001.02 161.90
2001.03 162.50
2001.04 162.90
2001.05 164.00
2001.06 164.70
2001.07 164.70
2001.08 165.20
2001.09 165.50
2001.10 165.50
2001.11 165.20
2001.12 165.40
2002.01 166.20
2002.02 166.20
2002.03 166.50
2002.04 166.90
2002.05 167.00
2002.06 167.20
2002.07 167.80
2002.08 168.20
2002.09 168.90
2002.10 169.50
2002.11 170.10
2002.12 170.30
2003.01 171.00
2003.02 171.30
2003.03 171.80
2003.04 171.60
2003.05 171.50
2003.06 171.60
2003.07 172.30
2003.08 172.80
2003.09 173.40
2003.10 173.50
2003.11 173.80
2003.12 174.00
2004.01 174.50
2004.02 174.80
2004.03 174.80
2004.04 175.00
2004.05 175.50
2004.06 175.70
2004.07 176.00
2004.08 176.30
2004.09 176.50
2004.10 177.10
2004.11 177.70
2004.12 178.40
2005.01 178.10
2005.02 178.20
2005.03 178.90
2005.04 179.10
2005.05 179.20
2005.06 179.50
2005.07 180.20
2005.08 180.30
2005.09 180.90
2005.10 181.30
2005.11 181.80
2005.12 181.90
2006.01 182.20
2006.02 182.70
2006.03 182.80
2006.04 183.40
2006.05 184.30
2006.06 185.20
2006.07 185.90
2006.08 186.40