1988.01 -99.00
1988.02 -99.00
1988.03 -99.00
1988.04 -99.00
1988.05 -99.00
1988.06 -99.00
1988.07 -99.00
1988.08 -99.00
1988.09 -99.00
1988.10 -99.00
1988.11 -99.00
1988.12 -99.00
1989.01 -99.00
1989.02 -99.00
1989.03 -99.00
1989.04 -99.00
1989.05 -99.00
1989.06 -99.00
1989.07 -99.00
1989.08 -99.00
1989.09 -99.00
1989.10 -99.00
1989.11 -99.00
1989.12 -99.00
1990.01 -99.00
1990.02 -99.00
1990.03 -99.00
1990.04 -99.00
1990.05 -99.00
1990.06 -99.00
1990.07 -99.00
1990.08 -99.00
1990.09 -99.00
1990.10 -99.00
1990.11 -99.00
1990.12 -99.00
1991.01 -99.00
1991.02 -99.00
1991.03 -99.00
1991.04 -99.00
1991.05 -99.00
1991.06 -99.00
1991.07 -99.00
1991.08 -99.00
1991.09 -99.00
1991.10 -99.00
1991.11 -99.00
1991.12 -99.00
1992.01 -99.00
1992.02 -99.00
1992.03 -99.00
1992.04 -99.00
1992.05 -99.00
1992.06 -99.00
1992.07 -99.00
1992.08 -99.00
1992.09 -99.00
1992.10 2.50
1992.11 2.50
1992.12 2.50
1993.01 2.50
1993.02 2.50
1993.03 2.50
1993.04 2.50
1993.05 2.50
1993.06 2.50
1993.07 2.50
1993.08 2.50
1993.09 2.50
1993.10 2.50
1993.11 2.50
1993.12 2.50
1994.01 2.50
1994.02 2.50
1994.03 2.50
1994.04 2.50
1994.05 2.50
1994.06 2.50
1994.07 2.50
1994.08 2.50
1994.09 2.50
1994.10 2.50
1994.11 2.50
1994.12 2.50
1995.01 2.50
1995.02 2.50
1995.03 2.50
1995.04 2.50
1995.05 2.50
1995.06 2.50
1995.07 2.50
1995.08 2.50
1995.09 2.50
1995.10 2.50
1995.11 2.50
1995.12 2.50
1996.01 2.50
1996.02 2.50
1996.03 2.50
1996.04 2.50
1996.05 2.50
1996.06 2.50
1996.07 2.50
1996.08 2.50
1996.09 2.50
1996.10 2.50
1996.11 2.50
1996.12 2.50
1997.01 2.50
1997.02 2.50
1997.03 2.50
1997.04 2.50
1997.05 2.50
1997.06 2.50
1997.07 2.50
1997.08 2.50
1997.09 2.50
1997.10 2.50
1997.11 2.50
1997.12 2.50
1998.01 2.50
1998.02 2.50
1998.03 2.50
1998.04 2.50
1998.05 2.50
1998.06 2.50
1998.07 2.50
1998.08 2.50
1998.09 2.50
1998.10 2.50
1998.11 2.50
1998.12 2.50
1999.01 2.50
1999.02 2.50
1999.03 2.50
1999.04 2.50
1999.05 2.50
1999.06 2.50
1999.07 2.50
1999.08 2.50
1999.09 2.50
1999.10 2.50
1999.11 2.50
1999.12 2.50
2000.01 2.50
2000.02 2.50
2000.03 2.50
2000.04 2.50
2000.05 2.50
2000.06 2.50
2000.07 2.50
2000.08 2.50
2000.09 2.50
2000.10 2.50
2000.11 2.50
2000.12 2.50
2001.01 2.50
2001.02 2.50
2001.03 2.50
2001.04 2.50
2001.05 2.50
2001.06 2.50
2001.07 2.50
2001.08 2.50
2001.09 2.50
2001.10 2.50
2001.11 2.50
2001.12 2.50
2002.01 2.50
2002.02 2.50
2002.03 2.50
2002.04 2.50
2002.05 2.50
2002.06 2.50
2002.07 2.50
2002.08 2.50
2002.09 2.50
2002.10 2.50
2002.11 2.50
2002.12 2.50
2003.01 2.50
2003.02 2.50
2003.03 2.50
2003.04 2.50
2003.05 2.50
2003.06 2.50
2003.07 2.50
2003.08 2.50
2003.09 2.50
2003.10 2.50
2003.11 2.50
2003.12 2.50
2004.01 2.00
2004.02 2.00
2004.03 2.00
2004.04 2.00
2004.05 2.00
2004.06 2.00
2004.07 2.00
2004.08 2.00
2004.09 2.00
2004.10 2.00
2004.11 2.00
2004.12 2.00
2005.01 2.00
2005.02 2.00
2005.03 2.00
2005.04 2.00
2005.05 2.00
2005.06 2.00
2005.07 2.00
2005.08 2.00
2005.09 2.00
2005.10 2.00
2005.11 2.00
2005.12 2.00
2006.01 2.00
2006.02 2.00
2006.03 2.00
2006.04 2.00
2006.05 2.00
2006.06 2.00
2006.07 2.00
2006.08 2.00