1987.01 11.20
1987.02 11.10
1987.03 11.00
1987.04 10.90
1987.05 10.70
1987.06 10.60
1987.07 10.40
1987.08 10.20
1987.09 10.00
1987.10 9.90
1987.11 9.70
1987.12 9.50
1988.01 9.40
1988.02 9.20
1988.03 9.00
1988.04 8.90
1988.05 8.70
1988.06 8.60
1988.07 8.50
1988.08 8.40
1988.09 8.30
1988.10 8.20
1988.11 8.00
1988.12 7.90
1989.01 7.70
1989.02 7.60
1989.03 7.40
1989.04 7.30
1989.05 7.20
1989.06 7.20
1989.07 7.10
1989.08 7.10
1989.09 7.10
1989.10 7.00
1989.11 7.00
1989.12 7.00
1990.01 6.90
1990.02 6.90
1990.03 6.90
1990.04 6.90
1990.05 6.90
1990.06 6.90
1990.07 7.00
1990.08 7.10
1990.09 7.20
1990.10 7.30
1990.11 7.50
1990.12 7.60
1991.01 7.80
1991.02 8.00
1991.03 8.20
1991.04 8.50
1991.05 8.70
1991.06 8.80
1991.07 9.00
1991.08 9.20
1991.09 9.30
1991.10 9.40
1991.11 9.50
1991.12 9.50
1992.01 9.60
1992.02 9.70
1992.03 9.80
1992.04 9.80
1992.05 9.80
1992.06 9.90
1992.07 9.90
1992.08 9.90
1992.09 10.10
1992.10 10.30
1992.11 10.40
1992.12 10.60
1993.01 10.70
1993.02 10.60
1993.03 10.60
1993.04 10.50
1993.05 10.40
1993.06 10.40
1993.07 10.30
1993.08 10.30
1993.09 10.30
1993.10 10.20
1993.11 10.20
1993.12 10.30
1994.01 10.10
1994.02 9.90
1994.03 9.80
1994.04 9.80
1994.05 9.70
1994.06 9.60
1994.07 9.50
1994.08 9.40
1994.09 9.30
1994.10 9.10
1994.11 9.00
1994.12 8.90
1995.01 8.90
1995.02 8.90
1995.03 8.80
1995.04 8.80
1995.05 8.70
1995.06 8.70
1995.07 8.60
1995.08 8.60
1995.09 8.60
1995.10 8.60
1995.11 8.30
1995.12 8.40
1996.01 8.30
1996.02 8.20
1996.03 8.30
1996.04 8.30
1996.05 8.20
1996.06 8.20
1996.07 8.00
1996.08 8.00
1996.09 8.00
1996.10 8.00
1996.11 7.80
1996.12 7.70
1997.01 7.50
1997.02 7.30
1997.03 7.20
1997.04 7.20
1997.05 7.20
1997.06 7.30
1997.07 7.10
1997.08 6.80
1997.09 6.70
1997.10 6.60
1997.11 6.50
1997.12 6.40
1998.01 6.40
1998.02 6.40
1998.03 6.30
1998.04 6.30
1998.05 6.30
1998.06 6.30
1998.07 6.30
1998.08 6.20
1998.09 6.20
1998.10 6.20
1998.11 6.10
1998.12 6.20
1999.01 6.20
1999.02 6.20
1999.03 6.10
1999.04 6.10
1999.05 6.00
1999.06 6.00
1999.07 5.90
1999.08 5.90
1999.09 5.80
1999.10 5.80
1999.11 5.80
1999.12 5.90
2000.01 5.80
2000.02 5.80
2000.03 5.70
2000.04 5.60
2000.05 5.50
2000.06 5.30
2000.07 5.20
2000.08 5.30
2000.09 5.40
2000.10 5.30
2000.11 5.20
2000.12 5.20
2001.01 5.20
2001.02 5.10
2001.03 5.00
2001.04 4.90
2001.05 5.00
2001.06 5.00
2001.07 5.10
2001.08 5.10
2001.09 5.10
2001.10 5.10
2001.11 5.20
2001.12 5.20
2002.01 5.10
2002.02 5.20
2002.03 5.20
2002.04 5.20
2002.05 5.20
2002.06 5.20
2002.07 5.20
2002.08 5.30
2002.09 5.20
2002.10 5.20
2002.11 5.10
2002.12 5.00
2003.01 5.10
2003.02 5.10
2003.03 5.10
2003.04 5.00
2003.05 4.90
2003.06 5.00
2003.07 5.00
2003.08 5.00
2003.09 5.00
2003.10 4.90
2003.11 4.90
2003.12 4.80
2004.01 4.80
2004.02 4.80
2004.03 4.80
2004.04 4.80
2004.05 4.80
2004.06 4.70
2004.07 4.70
2004.08 4.70
2004.09 4.70
2004.10 4.70
2004.11 4.70
2004.12 4.70
2005.01 4.80
2005.02 4.70
2005.03 4.70
2005.04 4.70
2005.05 4.80
2005.06 4.70
2005.07 4.70
2005.08 4.70
2005.09 4.90
2005.10 5.00
2005.11 5.10
2005.12 5.00
2006.01 5.10
2006.02 5.20
2006.03 5.30
2006.04 5.40
2006.05 5.50
2006.06 5.50