1980 95.3 96.8 97.2 97.9 98.2 98.5 99.3 99.9 102.7 104.2 104.8 105.2
1981 107.2 109.3 109.8 110.5 111.2 111.6 112.6 113.5 114.3 115.0 115.4 114.9
1982 117.4 119.0 119.3 120.1 120.7 121.1 121.9 122.2 122.9 124.6 125.6 125.9
1983 129.1 128.8 129.3 130.3 131.1 131.8 132.9 133.5 134.5 135.6 136.4 137.5
1984 139.4 138.9 140.9 141.8 142.8 142.4 142.8 143.9 144.8 145.5 146.4 148.8
1985 149.6 151.0 152.1 152.7 154.5 153.9 153.8 153.8 154.5 155.5 156.5 157.1
1986 158.9 159.0 158.7 159.7 159.7 159.7 160.1 159.9 161.3 161.9 161.9 162.3
1987 164.4 164.4 164.7 165.1 165.2 164.9 166.9 167.8 169.4 170.1 170.7 170.7
1988 171.6 172.9 173.7 175.2 175.8 176.3 177.1 177.5 178.8 180.2 180.5 180.9
1989 183.0 184.0 184.7 186.5 187.3 187.9 187.9 188.7 190.2 191.8 192.2 192.8
1990 199.0 199.9 205.4 205.2 206.4 206.2 208.2 209.6 212.0 213.4 214.1 213.9
1991 218.9 225.0 225.8 227.1 227.3 227.0 227.1 226.7 229.2 230.1 231.1 230.8
1992 230.2 230.3 231.3 231.9 232.0 231.5 231.2 231.3 234.6 235.1 234.0 234.9
1993 241.0 241.6 242.7 243.7 243.1 242.3 241.9 242.3 244.5 245.2 245.3 244.3
1994 245.1 245.9 246.8 247.8 248.3 248.4 248.4 248.5 250.7 251.0 250.8 250.4
1995 251.3 252.3 253.3 255.0 255.3 255.1 254.8 254.5 256.2 256.9 256.8 256.0
1996 255.6 255.8 257.0 257.6 257.3 256.3 255.7 254.5 256.0 255.9 255.3 254.9
1997 254.6 254.2 255.2 257.0 257.0 257.4 257.3 257.4 259.8 259.6 259.2 259.1
1998 256.9 256.6 257.0 257.7 258.1 257.6 257.0 255.7 256.8 257.3 256.7 256.2
1999 256.2 256.3 257.3 257.9 258.3 258.7 257.6 257.6 259.4 259.7 259.0 259.6
2000 257.5 258.7 259.9 260.0 261.3 261.2 260.0 260.2 262.0 262.6 262.7 262.5
2001 261.7 262.6 264.6 266.9 268.7 268.3 266.9 267.6 269.9 269.1 269.2 269.5
2002 268.8 269.4 271.8 272.9 273.6 273.2 272.3 272.4 274.5 275.4 274.7 275.1
2003 276.0 278.4 279.8 278.8 278.5 277.7 276.8 276.7 278.7 278.9 278.3 278.6
2004 278.0 277.3 279.4 279.4 280.1 278.9 278.5 278.2 280.2 281.0 279.4 279.4
2005 277.9 279.2 279.8 280.2 280.3 280.4 279.4 279.9 281.9 282.4 281.7 281.8
2006 279.59 280.90 282.89 284.32 284.76 284.68 284.19 284.38 286.04 286.07 286.43 286.43
2007 285.01 286.45 288.33 289.79 289.48 289.95 289.49 289.41 292.30  -99  -99 -99

Year Jan Feb Mar Apr May Jun Jul Aug Sep Oct Nov Dec
Sweden CPI.  Fixed Index Numbers (1980 =100)
Source: Statistic Sweden
Notes: The CPI for Sweden is published with two decimals from January 2006. The decimals are uncertain.