1990.01 33.5564291
1990.02 33.73362477
1990.03 34.15446447
1990.04 35.01829334
1990.05 35.5720298
1990.06 35.83782329
1990.07 36.4137092
1990.08 36.98959512
1990.09 37.76482615
1990.10 38.40716044
1990.11 38.89444852
1990.12 39.04949473
1991.01 39.55893226
1991.02 39.8025763
1991.03 40.28986438
1991.04 41.17584271
1991.05 41.95107374
1991.06 42.7706037
1991.07 44.05527227
1991.08 44.96340005
1991.09 45.67218271
1991.10 45.87152784
1991.11 45.93797621
1991.12 46.09302242
1992.01 46.09302242
1992.02 46.55816104
1992.03 47.24479424
1992.04 48.08647365
1992.05 47.90927799
1992.06 47.97572636
1992.07 48.30796823
1992.08 48.68450902
1992.09 49.32684331
1992.10 49.57048735
1992.11 49.88057976
1992.12 50.41216676
1993.01 51.05450104
1993.02 51.67468587
1993.03 52.33916962
1993.04 53.07010174
1993.05 53.22514794
1993.06 53.35804469
1993.07 53.42449307
1993.08 53.9339306
1993.09 54.4655176
1993.10 55.24074863
1993.11 55.66158834
1993.12 56.08242805
1994.01 56.46590161
1994.02 56.78764464
1994.03 57.37750686
1994.04 58.50360747
1994.05 59.20071736
1994.06 60.00507493
1994.07 60.64856099
1994.08 61.29204705
1994.09 61.98915695
1994.10 62.84713836
1994.11 63.65149593
1994.12 64.18773431
1995.01 64.29498199
1995.02 64.40222967
1995.03 64.34860583
1995.04 64.93846805
1995.05 65.58195411
1995.06 65.79644946
1995.07 65.95732097
1995.08 66.76167855
1995.09 67.4051646
1995.10 68.1022745
1995.11 68.58488905
1995.12 69.38924662
1996.01 69.97910884
1996.02 70.6225949
1996.03 71.31970479
1996.04 72.49942923
1996.05 73.73277751
1996.06 74.26901589
1996.07 74.48351125
1996.08 74.75163044
1996.09 75.07337347
1996.10 75.66323569
1996.11 76.14585023
1996.12 76.73571245
1997.01 77.05745548
1997.02 77.96906073
1997.03 78.71979446
1997.04 79.30965668
1997.05 79.68502355
1997.06 80.54300496
1997.07 81.34736253
1997.08 81.66910556
1997.09 81.61548173
1997.10 82.58071081
1997.11 82.36621546
1997.12 82.09809627
1998.01 82.36621546
1998.02 82.31259162
1998.03 82.15172011
1998.04 83.27782071
1998.05 83.59956374
1998.06 83.92130677
1998.07 83.81405909
1998.08 84.2430498
1998.09 85.42277424
1998.10 87.99671847
1998.11 89.12281907
1998.12 89.17644291
1999.01 88.76391472
1999.02 88.08568042
1999.03 87.91612184
1999.04 88.17045971
1999.05 88.59435615
1999.06 88.84869401
1999.07 89.10303188
1999.08 89.52692832
1999.09 89.95082476
1999.10 90.54427977
1999.11 90.3747212
1999.12 90.3747212
2000.01 89.95082476
2000.02 89.52692832
2000.03 89.27259045
2000.04 89.69648689
2000.05 90.45950049
2000.06 90.71383835
2000.07 90.96817622
2000.08 90.45950049
2000.09 89.95082476
2000.10 90.45950049
2000.11 90.45950049
2000.12 90.3747212
2001.01 89.84434197
2001.02 89.75413681
2001.03 89.93454713
2001.04 90.7463936
2001.05 91.10721425
2001.06 91.37782974
2001.07 91.73865039
2001.08 92.00926587
2001.09 92.1896762
2001.10 92.27988136
2001.11 91.73865039
2001.12 91.64844522
2002.01 92.64070201
2002.02 93.36234331
2002.03 93.81336913
2002.04 95.25665173
2002.05 96.15870335
2002.06 97.42157563
2002.07 98.05301177
2002.08 97.69219112
2002.09 98.05301177
2002.10 98.68444791
2002.11 97.87260144
2002.12 97.60198596
2003.01 97.78420039
2003.02 98.16955684
2003.03 98.36223507
2003.04 98.16955684
2003.05 97.68786127
2003.06 97.10982659
2003.07 96.43545279
2003.08 96.62813102
2003.09 96.14643545
2003.10 96.14643545
2003.11 95.95375723
2003.12 95.761079
2004.01 95.56840077
2004.02 95.761079
2004.03 95.66473988
2004.04 96.72447013
2004.05 97.10982659
2004.06 97.10982659
2004.07 96.91714836
2004.08 97.10982659
2004.09 96.91714836
2004.10 96.91714836
2004.11 96.82080925
2004.12 96.91714836
2005.01 96.33911368
2005.02 96.53179191
2005.03 96.33911368
2005.04 97.01348748
2005.05 97.30250482
2005.06 97.39884393
2005.07 98.45857418
2005.08 98.65125241
2005.09 98.74759152
2005.10 99.51830443
2005.11 99.42196532
2005.12 99.22928709
2006.01 98.94026975
2006.02 99.51830443
2006.03 99.80732177
2006.04 100.6743738
2006.05 100.6743738
2006.06 100.7707129
2006.07 100.867052
2006.08 100.867052
2006.09 100
2006.10 99.3256262
2006.11 99.13294798
2006.12 99.13294798
2007.01 99
2007.02 98.7
2007.03 98.9
2007.04 99.4
2007.05 99.4
2007.06 100.1
2007.07 101.2
2007.08 101.9
2007.09 101.4
2007.10 101.5
2007.11 101.9
2007.12 102.5
2008.01 102.5
2008.02 102.3
2008.03 102.6
2008.04 104.1
2008.05 104.8
2008.06 104.9
2008.07 106.1