4.00
3.75
3.50
3.25
3.25
3.75
4.25
4.25
4.00
4.00
4.00
4.00
3.75
3.50
3.50
3.75
4.00
4.00
4.25
4.50
5.00
5.25
5.50
5.50
5.50
5.25
5.25
5.25
5.00
4.75
4.75
4.50
4.50
4.00
3.75
3.50
3.50
3.50
3.50
3.50
3.50
3.50
3.50
3.70
3.90
4.10
4.10
4.10
4.10
4.10
4.10
4.10
4.10
4.30
4.50
4.80
5.20
5.60
6.10
6.50
7.00
7.50
8.00
8.40
8.70
8.90
8.90
8.90
9.10
9.10
9.10
9.10
9.10
9.10
6.46
4.60
4.40
4.40
3.80
3.80
5.66
6.10
6.30
6.30
6.30
6.50
6.95
7.20
7.20
7.50
7.70
8.00
8.20
8.40
8.60
8.90
9.10
9.30
9.30
9.30
9.60
9.90
10.30
10.70
11.20
11.50
11.50
11.50
11.50
12.00
12.00
12.00
12.52
13.00
13.50
13.50
13.50
12.29
9.50
9.50
10.04
11.30
11.60
11.90
12.20
12.60
12.90
13.40
13.40
13.40
13.40
13.40
12.70
12.70
13.60
13.90
13.90
13.90
14.20
14.70
15.20
15.20
15.50
15.80
16.30
17.00
15.50
14.80
14.00
14.00
14.00
13.70
14.20
14.20
13.70
13.20
13.20
13.50
13.50
14.00
14.80
16.00
17.00
17.00