1995.1 7.267
1995.2 6.636
1995.3 6.628
1995.4 6.728
1996.1 6.486
1996.2 6.321
1996.3 6.511
1996.4 7.133
1997.1 7.273
1997.2 7.413
1997.3 7.985
1997.4 7.697
1998.1 8.746
1998.2 9.359
1998.3 8.234
1998.4 8.029
1999.1 8.601
1999.2 8.878
1999.3 8.874
1999.4 8.753
2000.1 8.506
2000.2 8.779
2000.3 8.858
2000.4 8.800
2001.1 8.611
2001.2 8.884
2001.3 9.602
2001.4 10.169
2002.1 10.539
2002.2 10.224
2002.3 10.327
2002.4 10.195
2003.1 10.796
2003.2 10.458
2003.3 10.862
2003.4 10.894
2004.1 10.936
2004.2 10.429
2004.3 10.089
2004.4 9.888
2005.1 9.205
2005.2 8.951
2005.3 8.873
2005.4 8.901
2006.1 8.833
2006.2 8.784
2006.3 8.214
2006.4 7.797
2007.1 7.815
2007.2 7.539
2007.3 7.211
2007.4 6.692
2008.1 6.270